{
  "asset": {
    "version": "2.0",
    "generator": "ModelConverterX"
  },
  "extensionsUsed": [],
  "scene": 0,
  "scenes": [
    {
      "nodes": [
        0
      ]
    }
  ],
  "nodes": [
    {
      "name": "node0",
      "children": [
        1,
        2,
        3,
        4,
        5
      ]
    },
    {
      "name": "node1",
      "mesh": 0
    },
    {
      "name": "node2",
      "mesh": 1
    },
    {
      "name": "node3",
      "mesh": 2
    },
    {
      "name": "node4",
      "mesh": 3
    },
    {
      "name": "node5",
      "children": [
        6
      ],
      "matrix": [
        1.0,
        0.0,
        0.0,
        0.0,
        0.0,
        0.0,
        -1.0,
        0.0,
        0.0,
        -1.0,
        0.0,
        0.0,
        0.0,
        0.0,
        0.0,
        1.0
      ]
    },
    {
      "name": "node6",
      "children": [
        7
      ],
      "matrix": [
        0.99984614476270439,
        -0.017541003482045486,
        0.0,
        0.081006996333599091,
        0.0,
        0.0,
        1.0,
        0.0,
        -0.017541003482045486,
        -0.99984614476270439,
        0.0,
        -7.1912860870361328,
        0.0,
        0.0,
        0.0,
        1.0
      ]
    },
    {
      "name": "node7",
      "children": [
        8
      ],
      "matrix": [
        0.9961946783833846,
        0.087155968014961463,
        0.0,
        0.38289594362256496,
        -0.087155968014961463,
        0.9961946783833846,
        0.0,
        0.0,
        0.0,
        0.0,
        1.0,
        0.0,
        0.0,
        0.0,
        0.0,
        1.0
      ]
    },
    {
      "name": "node8",
      "children": [
        9
      ],
      "matrix": [
        0.98480779171964061,
        0.17364795814602868,
        0.0,
        0.36940405388295322,
        -0.17364795814602868,
        0.98480779171964061,
        0.0,
        0.0,
        0.0,
        0.0,
        1.0,
        0.0,
        0.0,
        0.0,
        0.0,
        1.0
      ]
    },
    {
      "name": "node9",
      "children": [
        10
      ],
      "matrix": [
        0.98480779171964061,
        0.0,
        0.17364795814602868,
        0.36275014531535721,
        0.0,
        1.0,
        0.0,
        0.0,
        -0.17364795814602868,
        0.0,
        0.98480779171964061,
        0.0,
        0.0,
        0.0,
        0.0,
        1.0
      ]
    },
    {
      "name": "node10",
      "children": [
        11
      ],
      "matrix": [
        0.96592584517558422,
        0.0,
        0.25881897461707376,
        0.31567320116700692,
        0.0,
        1.0,
        0.0,
        0.0,
        -0.25881897461707376,
        0.0,
        0.96592584517558422,
        0.0,
        0.0,
        0.0,
        0.0,
        1.0
      ]
    },
    {
      "name": "node11",
      "children": [
        12
      ],
      "matrix": [
        0.93969270657561033,
        0.0,
        0.34201990762030787,
        0.3492552780866483,
        0.0,
        1.0,
        0.0,
        0.0,
        -0.34201990762030787,
        0.0,
        0.93969270657561033,
        0.0,
        0.0,
        0.0,
        0.0,
        1.0
      ]
    },
    {
      "name": "node12",
      "children": [
        13
      ],
      "matrix": [
        0.93969270657561033,
        0.0,
        0.34201990762030787,
        0.322459364896466,
        0.0,
        1.0,
        0.0,
        0.0,
        -0.34201990762030787,
        0.0,
        0.93969270657561033,
        0.0,
        0.0,
        0.0,
        0.0,
        1.0
      ]
    },
    {
      "name": "node13",
      "children": [
        14
      ],
      "matrix": [
        0.93969270657561033,
        0.0,
        0.34201990762030787,
        0.33582244904112496,
        0.0,
        1.0,
        0.0,
        0.0,
        -0.34201990762030787,
        0.0,
        0.93969270657561033,
        0.0,
        0.0,
        0.0,
        0.0,
        1.0
      ]
    },
    {
      "name": "node14",
      "matrix": [
        0.76604407984345912,
        0.0,
        0.64278804262119571,
        0.34925557636833032,
        0.0,
        1.0,
        0.0,
        0.0,
        -0.64278804262119571,
        0.0,
        0.76604407984345912,
        0.0,
        0.0,
        0.0,
        0.0,
        1.0
      ]
    }
  ],
  "meshes": [
    {
      "primitives": [
        {
          "attributes": {
            "POSITION": 0,
            "NORMAL": 1,
            "TEXCOORD_0": 2
          },
          "indices": 3,
          "mode": 4,
          "material": 1
        }
      ],
      "name": "part000"
    },
    {
      "primitives": [
        {
          "attributes": {
            "POSITION": 4,
            "NORMAL": 5,
            "TEXCOORD_0": 6
          },
          "indices": 7,
          "mode": 4,
          "material": 1
        }
      ],
      "name": "part001"
    },
    {
      "primitives": [
        {
          "attributes": {
            "POSITION": 8,
            "NORMAL": 9,
            "TEXCOORD_0": 10
          },
          "indices": 11,
          "mode": 4,
          "material": 2
        }
      ],
      "name": "part002"
    },
    {
      "primitives": [
        {
          "attributes": {
            "POSITION": 12,
            "NORMAL": 13,
            "TEXCOORD_0": 14
          },
          "indices": 15,
          "mode": 4,
          "material": 0
        }
      ],
      "name": "part003"
    }
  ],
  "accessors": [
    {
      "bufferView": 1,
      "byteOffset": 0,
      "componentType": 5126,
      "count": 22,
      "type": "VEC3",
      "min": [
        0.08386,
        6.12468,
        0.02657
      ],
      "max": [
        2.34004,
        7.94727,
        1.2532
      ]
    },
    {
      "bufferView": 2,
      "byteOffset": 0,
      "componentType": 5126,
      "count": 22,
      "type": "VEC3"
    },
    {
      "bufferView": 3,
      "byteOffset": 0,
      "componentType": 5126,
      "count": 22,
      "type": "VEC2"
    },
    {
      "bufferView": 0,
      "byteOffset": 0,
      "componentType": 5125,
      "count": 60,
      "type": "SCALAR"
    },
    {
      "bufferView": 1,
      "byteOffset": 264,
      "componentType": 5126,
      "count": 22,
      "type": "VEC3",
      "min": [
        0.08386,
        6.11287,
        -0.02342
      ],
      "max": [
        2.38687,
        7.94727,
        1.28191
      ]
    },
    {
      "bufferView": 2,
      "byteOffset": 264,
      "componentType": 5126,
      "count": 22,
      "type": "VEC3"
    },
    {
      "bufferView": 3,
      "byteOffset": 176,
      "componentType": 5126,
      "count": 22,
      "type": "VEC2"
    },
    {
      "bufferView": 0,
      "byteOffset": 240,
      "componentType": 5125,
      "count": 60,
      "type": "SCALAR"
    },
    {
      "bufferView": 1,
      "byteOffset": 528,
      "componentType": 5126,
      "count": 38,
      "type": "VEC3",
      "min": [
        -0.04,
        0.0,
        -0.04
      ],
      "max": [
        0.04,
        8.0,
        0.04
      ]
    },
    {
      "bufferView": 2,
      "byteOffset": 528,
      "componentType": 5126,
      "count": 38,
      "type": "VEC3"
    },
    {
      "bufferView": 3,
      "byteOffset": 352,
      "componentType": 5126,
      "count": 38,
      "type": "VEC2"
    },
    {
      "bufferView": 0,
      "byteOffset": 480,
      "componentType": 5125,
      "count": 96,
      "type": "SCALAR"
    },
    {
      "bufferView": 1,
      "byteOffset": 984,
      "componentType": 5126,
      "count": 192,
      "type": "VEC3",
      "min": [
        0.03754,
        6.47495,
        -0.02077
      ],
      "max": [
        0.08754,
        7.92058,
        0.02923
      ]
    },
    {
      "bufferView": 2,
      "byteOffset": 984,
      "componentType": 5126,
      "count": 192,
      "type": "VEC3"
    },
    {
      "bufferView": 3,
      "byteOffset": 656,
      "componentType": 5126,
      "count": 192,
      "type": "VEC2"
    },
    {
      "bufferView": 0,
      "byteOffset": 864,
      "componentType": 5125,
      "count": 504,
      "type": "SCALAR"
    }
  ],
  "materials": [
    {
      "pbrMetallicRoughness": {
        "baseColorFactor": [
          0.33725500106811523,
          0.33725500106811523,
          0.33725500106811523,
          1.0
        ],
        "roughnessFactor": 1.0,
        "metallicFactor": 0.0
      },
      "emissiveFactor": [
        0.0,
        0.0,
        0.0
      ]
    },
    {
      "pbrMetallicRoughness": {
        "baseColorFactor": [
          0.58799999952316284,
          0.58799999952316284,
          0.58799999952316284,
          1.0
        ],
        "roughnessFactor": 1.0,
        "metallicFactor": 0.0,
        "baseColorTexture": {
          "index": 0
        }
      },
      "emissiveFactor": [
        0.0,
        0.0,
        0.0
      ]
    },
    {
      "pbrMetallicRoughness": {
        "baseColorFactor": [
          0.58799999952316284,
          0.58799999952316284,
          0.58799999952316284,
          1.0
        ],
        "roughnessFactor": 1.0,
        "metallicFactor": 0.0,
        "baseColorTexture": {
          "index": 1
        }
      },
      "emissiveFactor": [
        1.0,
        1.0,
        1.0
      ],
      "emissiveTexture": {
        "index": 2
      }
    }
  ],
  "textures": [
    {
      "source": 0,
      "name": "front_flag"
    },
    {
      "source": 1,
      "name": "mast"
    },
    {
      "source": 2,
      "name": "mast_lm"
    }
  ],
  "images": [
    {
      "uri": "front_flag.png"
    },
    {
      "uri": "mast.png"
    },
    {
      "uri": "mast_lm.png"
    }
  ],
  "bufferViews": [
    {
      "buffer": 0,
      "byteOffset": 0,
      "byteLength": 2880
    },
    {
      "buffer": 0,
      "byteOffset": 2880,
      "byteLength": 3288
    },
    {
      "buffer": 0,
      "byteOffset": 6168,
      "byteLength": 3288
    },
    {
      "buffer": 0,
      "byteOffset": 9456,
      "byteLength": 2192
    }
  ],
  "buffers": [
    {
      "byteLength": 11648,
      "uri": "TelemFlag.bin"
    }
  ]
}